529120576079
296022769723
68802443599
76078076777
176155659587
480616032991
947873523473
238102333409
387074784751
598093564169
539604726779
164461865189
674774634013
464062006657
742573566139
946437590083
335768084011
189977647973
43542721421
969651060803
521818323277
109487160313
77308555579
881360033531
953951835449
998696358133
502215835669
150856037201
326120300057
907423822973
918229898447
255469808497
659671104997
284989807147
375132077953
708431345161
127564950109
938185177889
377110285169
187227741697
489838585813
992888403103
22442231561
67713898981
207757234183
553277646401
505462879517
737026920037
612341235019
6298346317
75848080019
673191060203
780338794057
439677694633
22965334939
182873167391
456780037817
601150028519
131647133369
297941569183
129237542009
146759597471
995062312589
220346730347
755456078477
968980043573
236183743573
938928675871
638868181823
120319535443
207160579151
236312983061
679327900751
173695907971
455372788243
67432104059
451821492917
592284781019
768805461143
414928891031
241282709279
970180077649
757346844521
78471170027
750762287567
770112161699
305679248041
167076548603
881555783161
934413592921
497842174363
888475070683
820698394231
84414734689
97653216743
421167197327
277911979769
568284972193
542621728843
801072289697
101955089833
850096844039
623017374769
687110232521
527360563963
614809673741
728898085957
